-1 145
-1 154
-1 -172
-2 146
-2 155
-2 -173
-3 147
-3 156
-3 -174
-4 148
-4 157
-4 -175
-5 149
-5 158
-5 -176
-6 150
-6 159
-6 -177
-7 151
-7 160
-7 -178
-8 152
-8 161
-8 -179
-9 172
-9 154
-9 -145
-10 173
-10 155
-10 -146
-11 174
-11 156
-11 -147
-12 175
-12 157
-12 -148
-13 176
-13 158
-13 -149
-14 177
-14 159
-14 -150
-15 178
-15 160
-15 -151
-16 179
-16 161
-16 -152
-17 154
-17 172
-17 -199
-18 155
-18 173
-18 -200
-19 156
-19 174
-19 -201
-20 157
-20 175
-20 -202
-21 158
-21 176
-21 -203
-22 159
-22 177
-22 -204
-23 160
-23 178
-23 -205
-24 161
-24 179
-24 -206
-25 199
-25 172
-25 -154
-26 200
-26 173
-26 -155
-27 201
-27 174
-27 -156
-28 202
-28 175
-28 -157
-29 203
-29 176
-29 -158
-30 204
-30 177
-30 -159
-31 205
-31 178
-31 -160
-32 206
-32 179
-32 -161
-33 163
-33 181
-33 -208
-34 164
-34 182
-34 -209
-35 165
-35 183
-35 -210
-36 166
-36 184
-36 -211
-37 167
-37 185
-37 -212
-38 168
-38 186
-38 -213
-39 169
-39 187
-39 -214
-40 170
-40 188
-40 -215
-41 208
-41 181
-41 -163
-42 209
-42 182
-42 -164
-43 210
-43 183
-43 -165
-44 211
-44 184
-44 -166
-45 212
-45 185
-45 -167
-46 213
-46 186
-46 -168
-47 214
-47 187
-47 -169
-48 215
-48 188
-48 -170
-49 172
-49 181
-49 -190
-50 173
-50 182
-50 -191
-51 174
-51 183
-51 -192
-52 175
-52 184
-52 -193
-53 176
-53 185
-53 -194
-54 177
-54 186
-54 -195
-55 178
-55 187
-55 -196
-56 179
-56 188
-56 -197
-57 190
-57 181
-57 -172
-58 191
-58 182
-58 -173
-59 192
-59 183
-59 -174
-60 193
-60 184
-60 -175
-61 194
-61 185
-61 -176
-62 195
-62 186
-62 -177
-63 196
-63 187
-63 -178
-64 197
-64 188
-64 -179
-65 199
-65 208
-65 -217
-66 200
-66 209
-66 -218
-67 201
-67 210
-67 -219
-68 202
-68 211
-68 -220
-69 203
-69 212
-69 -221
-70 204
-70 213
-70 -222
-71 205
-71 214
-71 -223
-72 206
-72 215
-72 -224
-73 217
-73 208
-73 -199
-74 218
-74 209
-74 -200
-75 219
-75 210
-75 -201
-76 220
-76 211
-76 -202
-77 221
-77 212
-77 -203
-78 222
-78 213
-78 -204
-79 223
-79 214
-79 -205
-80 224
-80 215
-80 -206
-81 208
-81 217
-81 -226
-82 209
-82 218
-82 -227
-83 210
-83 219
-83 -228
-84 211
-84 220
-84 -229
-85 212
-85 221
-85 -230
-86 213
-86 222
-86 -231
-87 214
-87 223
-87 -232
-88 215
-88 224
-88 -233
-89 226
-89 217
-89 -208
-90 227
-90 218
-90 -209
-91 228
-91 219
-91 -210
-92 229
-92 220
-92 -211
-93 230
-93 221
-93 -212
-94 231
-94 222
-94 -213
-95 232
-95 223
-95 -214
-96 233
-96 224
-96 -215
-97 145
-97 163
-97 -190
-98 146
-98 164
-98 -191
-99 147
-99 165
-99 -192
-100 148
-100 166
-100 -193
-101 149
-101 167
-101 -194
-102 150
-102 168
-102 -195
-103 151
-103 169
-103 -196
-104 152
-104 170
-104 -197
-105 190
-105 163
-105 -145
-106 191
-106 164
-106 -146
-107 192
-107 165
-107 -147
-108 193
-108 166
-108 -148
-109 194
-109 167
-109 -149
-110 195
-110 168
-110 -150
-111 196
-111 169
-111 -151
-112 197
-112 170
-112 -152
-113 163
-113 190
-113 -226
-114 164
-114 191
-114 -227
-115 165
-115 192
-115 -228
-116 166
-116 193
-116 -229
-117 167
-117 194
-117 -230
-118 168
-118 195
-118 -231
-119 169
-119 196
-119 -232
-120 170
-120 197
-120 -233
-121 226
-121 190
-121 -163
-122 227
-122 191
-122 -164
-123 228
-123 192
-123 -165
-124 229
-124 193
-124 -166
-125 230
-125 194
-125 -167
-126 231
-126 195
-126 -168
-127 232
-127 196
-127 -169
-128 233
-128 197
-128 -170
-129 154
-129 181
-129 -217
-130 155
-130 182
-130 -218
-131 156
-131 183
-131 -219
-132 157
-132 184
-132 -220
-133 158
-133 185
-133 -221
-134 159
-134 186
-134 -222
-135 160
-135 187
-135 -223
-136 161
-136 188
-136 -224
-137 217
-137 181
-137 -154
-138 218
-138 182
-138 -155
-139 219
-139 183
-139 -156
-140 220
-140 184
-140 -157
-141 221
-141 185
-141 -158
-142 222
-142 186
-142 -159
-143 223
-143 187
-143 -160
-144 224
-144 188
-144 -161
-1 -146
-1 -155
-1 173
-2 -147
-2 -156
-2 174
-3 -148
-3 -157
-3 175
-4 -149
-4 -158
-4 176
-5 -150
-5 -159
-5 177
-6 -151
-6 -160
-6 178
-7 -152
-7 -161
-7 179
-8 -153
-8 -162
-8 180
-9 -173
-9 -155
-9 146
-10 -174
-10 -156
-10 147
-11 -175
-11 -157
-11 148
-12 -176
-12 -158
-12 149
-13 -177
-13 -159
-13 150
-14 -178
-14 -160
-14 151
-15 -179
-15 -161
-15 152
-16 -180
-16 -162
-16 153
-17 -155
-17 -173
-17 200
-18 -156
-18 -174
-18 201
-19 -157
-19 -175
-19 202
-20 -158
-20 -176
-20 203
-21 -159
-21 -177
-21 204
-22 -160
-22 -178
-22 205
-23 -161
-23 -179
-23 206
-24 -162
-24 -180
-24 207
-25 -200
-25 -173
-25 155
-26 -201
-26 -174
-26 156
-27 -202
-27 -175
-27 157
-28 -203
-28 -176
-28 158
-29 -204
-29 -177
-29 159
-30 -205
-30 -178
-30 160
-31 -206
-31 -179
-31 161
-32 -207
-32 -180
-32 162
-33 -164
-33 -182
-33 209
-34 -165
-34 -183
-34 210
-35 -166
-35 -184
-35 211
-36 -167
-36 -185
-36 212
-37 -168
-37 -186
-37 213
-38 -169
-38 -187
-38 214
-39 -170
-39 -188
-39 215
-40 -171
-40 -189
-40 216
-41 -209
-41 -182
-41 164
-42 -210
-42 -183
-42 165
-43 -211
-43 -184
-43 166
-44 -212
-44 -185
-44 167
-45 -213
-45 -186
-45 168
-46 -214
-46 -187
-46 169
-47 -215
-47 -188
-47 170
-48 -216
-48 -189
-48 171
-49 -173
-49 -182
-49 191
-50 -174
-50 -183
-50 192
-51 -175
-51 -184
-51 193
-52 -176
-52 -185
-52 194
-53 -177
-53 -186
-53 195
-54 -178
-54 -187
-54 196
-55 -179
-55 -188
-55 197
-56 -180
-56 -189
-56 198
-57 -191
-57 -182
-57 173
-58 -192
-58 -183
-58 174
-59 -193
-59 -184
-59 175
-60 -194
-60 -185
-60 176
-61 -195
-61 -186
-61 177
-62 -196
-62 -187
-62 178
-63 -197
-63 -188
-63 179
-64 -198
-64 -189
-64 180
-65 -200
-65 -209
-65 218
-66 -201
-66 -210
-66 219
-67 -202
-67 -211
-67 220
-68 -203
-68 -212
-68 221
-69 -204
-69 -213
-69 222
-70 -205
-70 -214
-70 223
-71 -206
-71 -215
-71 224
-72 -207
-72 -216
-72 225
-73 -218
-73 -209
-73 200
-74 -219
-74 -210
-74 201
-75 -220
-75 -211
-75 202
-76 -221
-76 -212
-76 203
-77 -222
-77 -213
-77 204
-78 -223
-78 -214
-78 205
-79 -224
-79 -215
-79 206
-80 -225
-80 -216
-80 207
-81 -209
-81 -218
-81 227
-82 -210
-82 -219
-82 228
-83 -211
-83 -220
-83 229
-84 -212
-84 -221
-84 230
-85 -213
-85 -222
-85 231
-86 -214
-86 -223
-86 232
-87 -215
-87 -224
-87 233
-88 -216
-88 -225
-88 234
-89 -227
-89 -218
-89 209
-90 -228
-90 -219
-90 210
-91 -229
-91 -220
-91 211
-92 -230
-92 -221
-92 212
-93 -231
-93 -222
-93 213
-94 -232
-94 -223
-94 214
-95 -233
-95 -224
-95 215
-96 -234
-96 -225
-96 216
-97 -146
-97 -164
-97 191
-98 -147
-98 -165
-98 192
-99 -148
-99 -166
-99 193
-100 -149
-100 -167
-100 194
-101 -150
-101 -168
-101 195
-102 -151
-102 -169
-102 196
-103 -152
-103 -170
-103 197
-104 -153
-104 -171
-104 198
-105 -191
-105 -164
-105 146
-106 -192
-106 -165
-106 147
-107 -193
-107 -166
-107 148
-108 -194
-108 -167
-108 149
-109 -195
-109 -168
-109 150
-110 -196
-110 -169
-110 151
-111 -197
-111 -170
-111 152
-112 -198
-112 -171
-112 153
-113 -164
-113 -191
-113 227
-114 -165
-114 -192
-114 228
-115 -166
-115 -193
-115 229
-116 -167
-116 -194
-116 230
-117 -168
-117 -195
-117 231
-118 -169
-118 -196
-118 232
-119 -170
-119 -197
-119 233
-120 -171
-120 -198
-120 234
-121 -227
-121 -191
-121 164
-122 -228
-122 -192
-122 165
-123 -229
-123 -193
-123 166
-124 -230
-124 -194
-124 167
-125 -231
-125 -195
-125 168
-126 -232
-126 -196
-126 169
-127 -233
-127 -197
-127 170
-128 -234
-128 -198
-128 171
-129 -155
-129 -182
-129 218
-130 -156
-130 -183
-130 219
-131 -157
-131 -184
-131 220
-132 -158
-132 -185
-132 221
-133 -159
-133 -186
-133 222
-134 -160
-134 -187
-134 223
-135 -161
-135 -188
-135 224
-136 -162
-136 -189
-136 225
-137 -218
-137 -182
-137 155
-138 -219
-138 -183
-138 156
-139 -220
-139 -184
-139 157
-140 -221
-140 -185
-140 158
-141 -222
-141 -186
-141 159
-142 -223
-142 -187
-142 160
-143 -224
-143 -188
-143 161
-144 -225
-144 -189
-144 162
-145 1 97 146 
145 9 105 -146 
-146 2 98 147 
146 10 106 -147 
-147 3 99 148 
147 11 107 -148 
-148 4 100 149 
148 12 108 -149 
-149 5 101 150 
149 13 109 -150 
-150 6 102 151 
150 14 110 -151 
-151 7 103 152 
151 15 111 -152 
-152 8 104 153 
152 16 112 -153 
-154 1 9 17 129 155 
154 25 137 -155 
-155 2 10 18 130 156 
155 26 138 -156 
-156 3 11 19 131 157 
156 27 139 -157 
-157 4 12 20 132 158 
157 28 140 -158 
-158 5 13 21 133 159 
158 29 141 -159 
-159 6 14 22 134 160 
159 30 142 -160 
-160 7 15 23 135 161 
160 31 143 -161 
-161 8 16 24 136 162 
161 32 144 -162 
-163 33 97 105 113 164 
163 41 121 -164 
-164 34 98 106 114 165 
164 42 122 -165 
-165 35 99 107 115 166 
165 43 123 -166 
-166 36 100 108 116 167 
166 44 124 -167 
-167 37 101 109 117 168 
167 45 125 -168 
-168 38 102 110 118 169 
168 46 126 -169 
-169 39 103 111 119 170 
169 47 127 -170 
-170 40 104 112 120 171 
170 48 128 -171 
-172 9 17 25 49 173 
172 1 57 -173 
-173 10 18 26 50 174 
173 2 58 -174 
-174 11 19 27 51 175 
174 3 59 -175 
-175 12 20 28 52 176 
175 4 60 -176 
-176 13 21 29 53 177 
176 5 61 -177 
-177 14 22 30 54 178 
177 6 62 -178 
-178 15 23 31 55 179 
178 7 63 -179 
-179 16 24 32 56 180 
179 8 64 -180 
-181 33 41 49 57 129 137 182 
181 -182 
-182 34 42 50 58 130 138 183 
182 -183 
-183 35 43 51 59 131 139 184 
183 -184 
-184 36 44 52 60 132 140 185 
184 -185 
-185 37 45 53 61 133 141 186 
185 -186 
-186 38 46 54 62 134 142 187 
186 -187 
-187 39 47 55 63 135 143 188 
187 -188 
-188 40 48 56 64 136 144 189 
188 -189 
-190 57 105 113 121 191 
190 49 97 -191 
-191 58 106 114 122 192 
191 50 98 -192 
-192 59 107 115 123 193 
192 51 99 -193 
-193 60 108 116 124 194 
193 52 100 -194 
-194 61 109 117 125 195 
194 53 101 -195 
-195 62 110 118 126 196 
195 54 102 -196 
-196 63 111 119 127 197 
196 55 103 -197 
-197 64 112 120 128 198 
197 56 104 -198 
-199 25 65 200 
199 17 73 -200 
-200 26 66 201 
200 18 74 -201 
-201 27 67 202 
201 19 75 -202 
-202 28 68 203 
202 20 76 -203 
-203 29 69 204 
203 21 77 -204 
-204 30 70 205 
204 22 78 -205 
-205 31 71 206 
205 23 79 -206 
-206 32 72 207 
206 24 80 -207 
-208 41 65 73 81 209 
208 33 89 -209 
-209 42 66 74 82 210 
209 34 90 -210 
-210 43 67 75 83 211 
210 35 91 -211 
-211 44 68 76 84 212 
211 36 92 -212 
-212 45 69 77 85 213 
212 37 93 -213 
-213 46 70 78 86 214 
213 38 94 -214 
-214 47 71 79 87 215 
214 39 95 -215 
-215 48 72 80 88 216 
215 40 96 -216 
-217 73 81 89 137 218 
217 65 129 -218 
-218 74 82 90 138 219 
218 66 130 -219 
-219 75 83 91 139 220 
219 67 131 -220 
-220 76 84 92 140 221 
220 68 132 -221 
-221 77 85 93 141 222 
221 69 133 -222 
-222 78 86 94 142 223 
222 70 134 -223 
-223 79 87 95 143 224 
223 71 135 -224 
-224 80 88 96 144 225 
224 72 136 -225 
-226 89 121 227 
226 81 113 -227 
-227 90 122 228 
227 82 114 -228 
-228 91 123 229 
228 83 115 -229 
-229 92 124 230 
229 84 116 -230 
-230 93 125 231 
230 85 117 -231 
-231 94 126 232 
231 86 118 -232 
-232 95 127 233 
232 87 119 -233 
-233 96 128 234 
233 88 120 -234 
-1 -9
-1 -17
-1 -25
-1 -33
-1 -41
-1 -49
-1 -57
-1 -65
-1 -73
-1 -81
-1 -89
-1 -97
-1 -105
-1 -113
-1 -121
-1 -129
-1 -137
-2 -10
-2 -18
-2 -26
-2 -34
-2 -42
-2 -50
-2 -58
-2 -66
-2 -74
-2 -82
-2 -90
-2 -98
-2 -106
-2 -114
-2 -122
-2 -130
-2 -138
-3 -11
-3 -19
-3 -27
-3 -35
-3 -43
-3 -51
-3 -59
-3 -67
-3 -75
-3 -83
-3 -91
-3 -99
-3 -107
-3 -115
-3 -123
-3 -131
-3 -139
-4 -12
-4 -20
-4 -28
-4 -36
-4 -44
-4 -52
-4 -60
-4 -68
-4 -76
-4 -84
-4 -92
-4 -100
-4 -108
-4 -116
-4 -124
-4 -132
-4 -140
-5 -13
-5 -21
-5 -29
-5 -37
-5 -45
-5 -53
-5 -61
-5 -69
-5 -77
-5 -85
-5 -93
-5 -101
-5 -109
-5 -117
-5 -125
-5 -133
-5 -141
-6 -14
-6 -22
-6 -30
-6 -38
-6 -46
-6 -54
-6 -62
-6 -70
-6 -78
-6 -86
-6 -94
-6 -102
-6 -110
-6 -118
-6 -126
-6 -134
-6 -142
-7 -15
-7 -23
-7 -31
-7 -39
-7 -47
-7 -55
-7 -63
-7 -71
-7 -79
-7 -87
-7 -95
-7 -103
-7 -111
-7 -119
-7 -127
-7 -135
-7 -143
-8 -16
-8 -24
-8 -32
-8 -40
-8 -48
-8 -56
-8 -64
-8 -72
-8 -80
-8 -88
-8 -96
-8 -104
-8 -112
-8 -120
-8 -128
-8 -136
-8 -144
-9 -17
-9 -25
-9 -33
-9 -41
-9 -49
-9 -57
-9 -65
-9 -73
-9 -81
-9 -89
-9 -97
-9 -105
-9 -113
-9 -121
-9 -129
-9 -137
-10 -18
-10 -26
-10 -34
-10 -42
-10 -50
-10 -58
-10 -66
-10 -74
-10 -82
-10 -90
-10 -98
-10 -106
-10 -114
-10 -122
-10 -130
-10 -138
-11 -19
-11 -27
-11 -35
-11 -43
-11 -51
-11 -59
-11 -67
-11 -75
-11 -83
-11 -91
-11 -99
-11 -107
-11 -115
-11 -123
-11 -131
-11 -139
-12 -20
-12 -28
-12 -36
-12 -44
-12 -52
-12 -60
-12 -68
-12 -76
-12 -84
-12 -92
-12 -100
-12 -108
-12 -116
-12 -124
-12 -132
-12 -140
-13 -21
-13 -29
-13 -37
-13 -45
-13 -53
-13 -61
-13 -69
-13 -77
-13 -85
-13 -93
-13 -101
-13 -109
-13 -117
-13 -125
-13 -133
-13 -141
-14 -22
-14 -30
-14 -38
-14 -46
-14 -54
-14 -62
-14 -70
-14 -78
-14 -86
-14 -94
-14 -102
-14 -110
-14 -118
-14 -126
-14 -134
-14 -142
-15 -23
-15 -31
-15 -39
-15 -47
-15 -55
-15 -63
-15 -71
-15 -79
-15 -87
-15 -95
-15 -103
-15 -111
-15 -119
-15 -127
-15 -135
-15 -143
-16 -24
-16 -32
-16 -40
-16 -48
-16 -56
-16 -64
-16 -72
-16 -80
-16 -88
-16 -96
-16 -104
-16 -112
-16 -120
-16 -128
-16 -136
-16 -144
-17 -25
-17 -33
-17 -41
-17 -49
-17 -57
-17 -65
-17 -73
-17 -81
-17 -89
-17 -97
-17 -105
-17 -113
-17 -121
-17 -129
-17 -137
-18 -26
-18 -34
-18 -42
-18 -50
-18 -58
-18 -66
-18 -74
-18 -82
-18 -90
-18 -98
-18 -106
-18 -114
-18 -122
-18 -130
-18 -138
-19 -27
-19 -35
-19 -43
-19 -51
-19 -59
-19 -67
-19 -75
-19 -83
-19 -91
-19 -99
-19 -107
-19 -115
-19 -123
-19 -131
-19 -139
-20 -28
-20 -36
-20 -44
-20 -52
-20 -60
-20 -68
-20 -76
-20 -84
-20 -92
-20 -100
-20 -108
-20 -116
-20 -124
-20 -132
-20 -140
-21 -29
-21 -37
-21 -45
-21 -53
-21 -61
-21 -69
-21 -77
-21 -85
-21 -93
-21 -101
-21 -109
-21 -117
-21 -125
-21 -133
-21 -141
-22 -30
-22 -38
-22 -46
-22 -54
-22 -62
-22 -70
-22 -78
-22 -86
-22 -94
-22 -102
-22 -110
-22 -118
-22 -126
-22 -134
-22 -142
-23 -31
-23 -39
-23 -47
-23 -55
-23 -63
-23 -71
-23 -79
-23 -87
-23 -95
-23 -103
-23 -111
-23 -119
-23 -127
-23 -135
-23 -143
-24 -32
-24 -40
-24 -48
-24 -56
-24 -64
-24 -72
-24 -80
-24 -88
-24 -96
-24 -104
-24 -112
-24 -120
-24 -128
-24 -136
-24 -144
-25 -33
-25 -41
-25 -49
-25 -57
-25 -65
-25 -73
-25 -81
-25 -89
-25 -97
-25 -105
-25 -113
-25 -121
-25 -129
-25 -137
-26 -34
-26 -42
-26 -50
-26 -58
-26 -66
-26 -74
-26 -82
-26 -90
-26 -98
-26 -106
-26 -114
-26 -122
-26 -130
-26 -138
-27 -35
-27 -43
-27 -51
-27 -59
-27 -67
-27 -75
-27 -83
-27 -91
-27 -99
-27 -107
-27 -115
-27 -123
-27 -131
-27 -139
-28 -36
-28 -44
-28 -52
-28 -60
-28 -68
-28 -76
-28 -84
-28 -92
-28 -100
-28 -108
-28 -116
-28 -124
-28 -132
-28 -140
-29 -37
-29 -45
-29 -53
-29 -61
-29 -69
-29 -77
-29 -85
-29 -93
-29 -101
-29 -109
-29 -117
-29 -125
-29 -133
-29 -141
-30 -38
-30 -46
-30 -54
-30 -62
-30 -70
-30 -78
-30 -86
-30 -94
-30 -102
-30 -110
-30 -118
-30 -126
-30 -134
-30 -142
-31 -39
-31 -47
-31 -55
-31 -63
-31 -71
-31 -79
-31 -87
-31 -95
-31 -103
-31 -111
-31 -119
-31 -127
-31 -135
-31 -143
-32 -40
-32 -48
-32 -56
-32 -64
-32 -72
-32 -80
-32 -88
-32 -96
-32 -104
-32 -112
-32 -120
-32 -128
-32 -136
-32 -144
-33 -41
-33 -49
-33 -57
-33 -65
-33 -73
-33 -81
-33 -89
-33 -97
-33 -105
-33 -113
-33 -121
-33 -129
-33 -137
-34 -42
-34 -50
-34 -58
-34 -66
-34 -74
-34 -82
-34 -90
-34 -98
-34 -106
-34 -114
-34 -122
-34 -130
-34 -138
-35 -43
-35 -51
-35 -59
-35 -67
-35 -75
-35 -83
-35 -91
-35 -99
-35 -107
-35 -115
-35 -123
-35 -131
-35 -139
-36 -44
-36 -52
-36 -60
-36 -68
-36 -76
-36 -84
-36 -92
-36 -100
-36 -108
-36 -116
-36 -124
-36 -132
-36 -140
-37 -45
-37 -53
-37 -61
-37 -69
-37 -77
-37 -85
-37 -93
-37 -101
-37 -109
-37 -117
-37 -125
-37 -133
-37 -141
-38 -46
-38 -54
-38 -62
-38 -70
-38 -78
-38 -86
-38 -94
-38 -102
-38 -110
-38 -118
-38 -126
-38 -134
-38 -142
-39 -47
-39 -55
-39 -63
-39 -71
-39 -79
-39 -87
-39 -95
-39 -103
-39 -111
-39 -119
-39 -127
-39 -135
-39 -143
-40 -48
-40 -56
-40 -64
-40 -72
-40 -80
-40 -88
-40 -96
-40 -104
-40 -112
-40 -120
-40 -128
-40 -136
-40 -144
-41 -49
-41 -57
-41 -65
-41 -73
-41 -81
-41 -89
-41 -97
-41 -105
-41 -113
-41 -121
-41 -129
-41 -137
-42 -50
-42 -58
-42 -66
-42 -74
-42 -82
-42 -90
-42 -98
-42 -106
-42 -114
-42 -122
-42 -130
-42 -138
-43 -51
-43 -59
-43 -67
-43 -75
-43 -83
-43 -91
-43 -99
-43 -107
-43 -115
-43 -123
-43 -131
-43 -139
-44 -52
-44 -60
-44 -68
-44 -76
-44 -84
-44 -92
-44 -100
-44 -108
-44 -116
-44 -124
-44 -132
-44 -140
-45 -53
-45 -61
-45 -69
-45 -77
-45 -85
-45 -93
-45 -101
-45 -109
-45 -117
-45 -125
-45 -133
-45 -141
-46 -54
-46 -62
-46 -70
-46 -78
-46 -86
-46 -94
-46 -102
-46 -110
-46 -118
-46 -126
-46 -134
-46 -142
-47 -55
-47 -63
-47 -71
-47 -79
-47 -87
-47 -95
-47 -103
-47 -111
-47 -119
-47 -127
-47 -135
-47 -143
-48 -56
-48 -64
-48 -72
-48 -80
-48 -88
-48 -96
-48 -104
-48 -112
-48 -120
-48 -128
-48 -136
-48 -144
-49 -57
-49 -65
-49 -73
-49 -81
-49 -89
-49 -97
-49 -105
-49 -113
-49 -121
-49 -129
-49 -137
-50 -58
-50 -66
-50 -74
-50 -82
-50 -90
-50 -98
-50 -106
-50 -114
-50 -122
-50 -130
-50 -138
-51 -59
-51 -67
-51 -75
-51 -83
-51 -91
-51 -99
-51 -107
-51 -115
-51 -123
-51 -131
-51 -139
-52 -60
-52 -68
-52 -76
-52 -84
-52 -92
-52 -100
-52 -108
-52 -116
-52 -124
-52 -132
-52 -140
-53 -61
-53 -69
-53 -77
-53 -85
-53 -93
-53 -101
-53 -109
-53 -117
-53 -125
-53 -133
-53 -141
-54 -62
-54 -70
-54 -78
-54 -86
-54 -94
-54 -102
-54 -110
-54 -118
-54 -126
-54 -134
-54 -142
-55 -63
-55 -71
-55 -79
-55 -87
-55 -95
-55 -103
-55 -111
-55 -119
-55 -127
-55 -135
-55 -143
-56 -64
-56 -72
-56 -80
-56 -88
-56 -96
-56 -104
-56 -112
-56 -120
-56 -128
-56 -136
-56 -144
-57 -65
-57 -73
-57 -81
-57 -89
-57 -97
-57 -105
-57 -113
-57 -121
-57 -129
-57 -137
-58 -66
-58 -74
-58 -82
-58 -90
-58 -98
-58 -106
-58 -114
-58 -122
-58 -130
-58 -138
-59 -67
-59 -75
-59 -83
-59 -91
-59 -99
-59 -107
-59 -115
-59 -123
-59 -131
-59 -139
-60 -68
-60 -76
-60 -84
-60 -92
-60 -100
-60 -108
-60 -116
-60 -124
-60 -132
-60 -140
-61 -69
-61 -77
-61 -85
-61 -93
-61 -101
-61 -109
-61 -117
-61 -125
-61 -133
-61 -141
-62 -70
-62 -78
-62 -86
-62 -94
-62 -102
-62 -110
-62 -118
-62 -126
-62 -134
-62 -142
-63 -71
-63 -79
-63 -87
-63 -95
-63 -103
-63 -111
-63 -119
-63 -127
-63 -135
-63 -143
-64 -72
-64 -80
-64 -88
-64 -96
-64 -104
-64 -112
-64 -120
-64 -128
-64 -136
-64 -144
-65 -73
-65 -81
-65 -89
-65 -97
-65 -105
-65 -113
-65 -121
-65 -129
-65 -137
-66 -74
-66 -82
-66 -90
-66 -98
-66 -106
-66 -114
-66 -122
-66 -130
-66 -138
-67 -75
-67 -83
-67 -91
-67 -99
-67 -107
-67 -115
-67 -123
-67 -131
-67 -139
-68 -76
-68 -84
-68 -92
-68 -100
-68 -108
-68 -116
-68 -124
-68 -132
-68 -140
-69 -77
-69 -85
-69 -93
-69 -101
-69 -109
-69 -117
-69 -125
-69 -133
-69 -141
-70 -78
-70 -86
-70 -94
-70 -102
-70 -110
-70 -118
-70 -126
-70 -134
-70 -142
-71 -79
-71 -87
-71 -95
-71 -103
-71 -111
-71 -119
-71 -127
-71 -135
-71 -143
-72 -80
-72 -88
-72 -96
-72 -104
-72 -112
-72 -120
-72 -128
-72 -136
-72 -144
-73 -81
-73 -89
-73 -97
-73 -105
-73 -113
-73 -121
-73 -129
-73 -137
-74 -82
-74 -90
-74 -98
-74 -106
-74 -114
-74 -122
-74 -130
-74 -138
-75 -83
-75 -91
-75 -99
-75 -107
-75 -115
-75 -123
-75 -131
-75 -139
-76 -84
-76 -92
-76 -100
-76 -108
-76 -116
-76 -124
-76 -132
-76 -140
-77 -85
-77 -93
-77 -101
-77 -109
-77 -117
-77 -125
-77 -133
-77 -141
-78 -86
-78 -94
-78 -102
-78 -110
-78 -118
-78 -126
-78 -134
-78 -142
-79 -87
-79 -95
-79 -103
-79 -111
-79 -119
-79 -127
-79 -135
-79 -143
-80 -88
-80 -96
-80 -104
-80 -112
-80 -120
-80 -128
-80 -136
-80 -144
-81 -89
-81 -97
-81 -105
-81 -113
-81 -121
-81 -129
-81 -137
-82 -90
-82 -98
-82 -106
-82 -114
-82 -122
-82 -130
-82 -138
-83 -91
-83 -99
-83 -107
-83 -115
-83 -123
-83 -131
-83 -139
-84 -92
-84 -100
-84 -108
-84 -116
-84 -124
-84 -132
-84 -140
-85 -93
-85 -101
-85 -109
-85 -117
-85 -125
-85 -133
-85 -141
-86 -94
-86 -102
-86 -110
-86 -118
-86 -126
-86 -134
-86 -142
-87 -95
-87 -103
-87 -111
-87 -119
-87 -127
-87 -135
-87 -143
-88 -96
-88 -104
-88 -112
-88 -120
-88 -128
-88 -136
-88 -144
-89 -97
-89 -105
-89 -113
-89 -121
-89 -129
-89 -137
-90 -98
-90 -106
-90 -114
-90 -122
-90 -130
-90 -138
-91 -99
-91 -107
-91 -115
-91 -123
-91 -131
-91 -139
-92 -100
-92 -108
-92 -116
-92 -124
-92 -132
-92 -140
-93 -101
-93 -109
-93 -117
-93 -125
-93 -133
-93 -141
-94 -102
-94 -110
-94 -118
-94 -126
-94 -134
-94 -142
-95 -103
-95 -111
-95 -119
-95 -127
-95 -135
-95 -143
-96 -104
-96 -112
-96 -120
-96 -128
-96 -136
-96 -144
-97 -105
-97 -113
-97 -121
-97 -129
-97 -137
-98 -106
-98 -114
-98 -122
-98 -130
-98 -138
-99 -107
-99 -115
-99 -123
-99 -131
-99 -139
-100 -108
-100 -116
-100 -124
-100 -132
-100 -140
-101 -109
-101 -117
-101 -125
-101 -133
-101 -141
-102 -110
-102 -118
-102 -126
-102 -134
-102 -142
-103 -111
-103 -119
-103 -127
-103 -135
-103 -143
-104 -112
-104 -120
-104 -128
-104 -136
-104 -144
-105 -113
-105 -121
-105 -129
-105 -137
-106 -114
-106 -122
-106 -130
-106 -138
-107 -115
-107 -123
-107 -131
-107 -139
-108 -116
-108 -124
-108 -132
-108 -140
-109 -117
-109 -125
-109 -133
-109 -141
-110 -118
-110 -126
-110 -134
-110 -142
-111 -119
-111 -127
-111 -135
-111 -143
-112 -120
-112 -128
-112 -136
-112 -144
-113 -121
-113 -129
-113 -137
-114 -122
-114 -130
-114 -138
-115 -123
-115 -131
-115 -139
-116 -124
-116 -132
-116 -140
-117 -125
-117 -133
-117 -141
-118 -126
-118 -134
-118 -142
-119 -127
-119 -135
-119 -143
-120 -128
-120 -136
-120 -144
-121 -129
-121 -137
-122 -130
-122 -138
-123 -131
-123 -139
-124 -132
-124 -140
-125 -133
-125 -141
-126 -134
-126 -142
-127 -135
-127 -143
-128 -136
-128 -144
-129 -137
-130 -138
-131 -139
-132 -140
-133 -141
-134 -142
-135 -143
-136 -144
145
154
163
172
181
190
199
-208
217
226
153 162 171 180 189 198 207 216 225 234 
-153 -162
-153 -171
-153 -180
-153 -189
-153 -198
-153 -207
-153 -216
-153 -225
-153 -234
-162 -171
-162 -180
-162 -189
-162 -198
-162 -207
-162 -216
-162 -225
-162 -234
-171 -180
-171 -189
-171 -198
-171 -207
-171 -216
-171 -225
-171 -234
-180 -189
-180 -198
-180 -207
-180 -216
-180 -225
-180 -234
-189 -198
-189 -207
-189 -216
-189 -225
-189 -234
-198 -207
-198 -216
-198 -225
-198 -234
-207 -216
-207 -225
-207 -234
-216 -225
-216 -234
-225 -234
0
1 Jump(1,2,4,1)
2 Jump(1,2,4,2)
3 Jump(1,2,4,3)
4 Jump(1,2,4,4)
5 Jump(1,2,4,5)
6 Jump(1,2,4,6)
7 Jump(1,2,4,7)
8 Jump(1,2,4,8)
9 Jump(4,2,1,1)
10 Jump(4,2,1,2)
11 Jump(4,2,1,3)
12 Jump(4,2,1,4)
13 Jump(4,2,1,5)
14 Jump(4,2,1,6)
15 Jump(4,2,1,7)
16 Jump(4,2,1,8)
17 Jump(2,4,7,1)
18 Jump(2,4,7,2)
19 Jump(2,4,7,3)
20 Jump(2,4,7,4)
21 Jump(2,4,7,5)
22 Jump(2,4,7,6)
23 Jump(2,4,7,7)
24 Jump(2,4,7,8)
25 Jump(7,4,2,1)
26 Jump(7,4,2,2)
27 Jump(7,4,2,3)
28 Jump(7,4,2,4)
29 Jump(7,4,2,5)
30 Jump(7,4,2,6)
31 Jump(7,4,2,7)
32 Jump(7,4,2,8)
33 Jump(3,5,8,1)
34 Jump(3,5,8,2)
35 Jump(3,5,8,3)
36 Jump(3,5,8,4)
37 Jump(3,5,8,5)
38 Jump(3,5,8,6)
39 Jump(3,5,8,7)
40 Jump(3,5,8,8)
41 Jump(8,5,3,1)
42 Jump(8,5,3,2)
43 Jump(8,5,3,3)
44 Jump(8,5,3,4)
45 Jump(8,5,3,5)
46 Jump(8,5,3,6)
47 Jump(8,5,3,7)
48 Jump(8,5,3,8)
49 Jump(4,5,6,1)
50 Jump(4,5,6,2)
51 Jump(4,5,6,3)
52 Jump(4,5,6,4)
53 Jump(4,5,6,5)
54 Jump(4,5,6,6)
55 Jump(4,5,6,7)
56 Jump(4,5,6,8)
57 Jump(6,5,4,1)
58 Jump(6,5,4,2)
59 Jump(6,5,4,3)
60 Jump(6,5,4,4)
61 Jump(6,5,4,5)
62 Jump(6,5,4,6)
63 Jump(6,5,4,7)
64 Jump(6,5,4,8)
65 Jump(7,8,9,1)
66 Jump(7,8,9,2)
67 Jump(7,8,9,3)
68 Jump(7,8,9,4)
69 Jump(7,8,9,5)
70 Jump(7,8,9,6)
71 Jump(7,8,9,7)
72 Jump(7,8,9,8)
73 Jump(9,8,7,1)
74 Jump(9,8,7,2)
75 Jump(9,8,7,3)
76 Jump(9,8,7,4)
77 Jump(9,8,7,5)
78 Jump(9,8,7,6)
79 Jump(9,8,7,7)
80 Jump(9,8,7,8)
81 Jump(8,9,10,1)
82 Jump(8,9,10,2)
83 Jump(8,9,10,3)
84 Jump(8,9,10,4)
85 Jump(8,9,10,5)
86 Jump(8,9,10,6)
87 Jump(8,9,10,7)
88 Jump(8,9,10,8)
89 Jump(10,9,8,1)
90 Jump(10,9,8,2)
91 Jump(10,9,8,3)
92 Jump(10,9,8,4)
93 Jump(10,9,8,5)
94 Jump(10,9,8,6)
95 Jump(10,9,8,7)
96 Jump(10,9,8,8)
97 Jump(1,3,6,1)
98 Jump(1,3,6,2)
99 Jump(1,3,6,3)
100 Jump(1,3,6,4)
101 Jump(1,3,6,5)
102 Jump(1,3,6,6)
103 Jump(1,3,6,7)
104 Jump(1,3,6,8)
105 Jump(6,3,1,1)
106 Jump(6,3,1,2)
107 Jump(6,3,1,3)
108 Jump(6,3,1,4)
109 Jump(6,3,1,5)
110 Jump(6,3,1,6)
111 Jump(6,3,1,7)
112 Jump(6,3,1,8)
113 Jump(3,6,10,1)
114 Jump(3,6,10,2)
115 Jump(3,6,10,3)
116 Jump(3,6,10,4)
117 Jump(3,6,10,5)
118 Jump(3,6,10,6)
119 Jump(3,6,10,7)
120 Jump(3,6,10,8)
121 Jump(10,6,3,1)
122 Jump(10,6,3,2)
123 Jump(10,6,3,3)
124 Jump(10,6,3,4)
125 Jump(10,6,3,5)
126 Jump(10,6,3,6)
127 Jump(10,6,3,7)
128 Jump(10,6,3,8)
129 Jump(2,5,9,1)
130 Jump(2,5,9,2)
131 Jump(2,5,9,3)
132 Jump(2,5,9,4)
133 Jump(2,5,9,5)
134 Jump(2,5,9,6)
135 Jump(2,5,9,7)
136 Jump(2,5,9,8)
137 Jump(9,5,2,1)
138 Jump(9,5,2,2)
139 Jump(9,5,2,3)
140 Jump(9,5,2,4)
141 Jump(9,5,2,5)
142 Jump(9,5,2,6)
143 Jump(9,5,2,7)
144 Jump(9,5,2,8)
145 Peg(1,1)
146 Peg(1,2)
147 Peg(1,3)
148 Peg(1,4)
149 Peg(1,5)
150 Peg(1,6)
151 Peg(1,7)
152 Peg(1,8)
153 Peg(1,9)
154 Peg(2,1)
155 Peg(2,2)
156 Peg(2,3)
157 Peg(2,4)
158 Peg(2,5)
159 Peg(2,6)
160 Peg(2,7)
161 Peg(2,8)
162 Peg(2,9)
163 Peg(3,1)
164 Peg(3,2)
165 Peg(3,3)
166 Peg(3,4)
167 Peg(3,5)
168 Peg(3,6)
169 Peg(3,7)
170 Peg(3,8)
171 Peg(3,9)
172 Peg(4,1)
173 Peg(4,2)
174 Peg(4,3)
175 Peg(4,4)
176 Peg(4,5)
177 Peg(4,6)
178 Peg(4,7)
179 Peg(4,8)
180 Peg(4,9)
181 Peg(5,1)
182 Peg(5,2)
183 Peg(5,3)
184 Peg(5,4)
185 Peg(5,5)
186 Peg(5,6)
187 Peg(5,7)
188 Peg(5,8)
189 Peg(5,9)
190 Peg(6,1)
191 Peg(6,2)
192 Peg(6,3)
193 Peg(6,4)
194 Peg(6,5)
195 Peg(6,6)
196 Peg(6,7)
197 Peg(6,8)
198 Peg(6,9)
199 Peg(7,1)
200 Peg(7,2)
201 Peg(7,3)
202 Peg(7,4)
203 Peg(7,5)
204 Peg(7,6)
205 Peg(7,7)
206 Peg(7,8)
207 Peg(7,9)
208 Peg(8,1)
209 Peg(8,2)
210 Peg(8,3)
211 Peg(8,4)
212 Peg(8,5)
213 Peg(8,6)
214 Peg(8,7)
215 Peg(8,8)
216 Peg(8,9)
217 Peg(9,1)
218 Peg(9,2)
219 Peg(9,3)
220 Peg(9,4)
221 Peg(9,5)
222 Peg(9,6)
223 Peg(9,7)
224 Peg(9,8)
225 Peg(9,9)
226 Peg(10,1)
227 Peg(10,2)
228 Peg(10,3)
229 Peg(10,4)
230 Peg(10,5)
231 Peg(10,6)
232 Peg(10,7)
233 Peg(10,8)
234 Peg(10,9)
