1 F
2 F
3 F
4 T
5 F
6 F
7 F
8 T
9 F
10 F
11 F
12 F
13 F
14 F
15 F
16 F
17 F
18 F
19 F
20 F
21 F
22 F
23 F
24 F
25 F
26 F
27 T
28 F
29 F
30 T
31 F
32 F
33 F
34 F
35 F
36 F
37 F
38 F
39 F
40 F
41 F
42 F
43 F
44 F
45 F
46 F
47 F
48 F
49 F
50 F
51 F
52 F
53 F
54 F
55 F
56 F
57 F
58 F
59 F
60 F
61 F
62 F
63 F
64 F
65 F
66 F
67 F
68 F
69 F
70 F
71 F
72 F
73 F
74 F
75 F
76 F
77 T
78 F
79 F
80 F
81 F
82 F
83 F
84 F
85 F
86 F
87 F
88 F
89 T
90 F
91 F
92 F
93 F
94 F
95 F
96 F
97 F
98 F
99 F
100 F
101 F
102 F
103 F
104 F
105 F
106 F
107 F
108 F
109 F
110 F
111 T
112 F
113 F
114 F
115 F
116 F
117 F
118 F
119 F
120 F
121 F
122 F
123 F
124 F
125 F
126 F
127 F
128 F
129 F
130 T
131 F
132 F
133 F
134 F
135 F
136 F
137 F
138 F
139 F
140 F
141 F
142 F
143 F
144 F
145 T
146 T
147 T
148 T
149 F
150 F
151 F
152 T
153 F
154 T
155 T
156 F
157 T
158 F
159 F
160 T
161 T
162 F
163 T
164 T
165 T
166 T
167 T
168 T
169 T
170 F
171 F
172 T
173 T
174 T
175 F
176 T
177 T
178 F
179 F
180 T
181 T
182 T
183 F
184 F
185 F
186 F
187 F
188 F
189 F
190 T
191 T
192 T
193 T
194 T
195 T
196 T
197 F
198 F
199 T
200 T
201 T
202 F
203 F
204 T
205 F
206 F
207 F
208 F
209 T
210 T
211 T
212 T
213 F
214 F
215 F
216 F
217 T
218 F
219 T
220 T
221 T
222 F
223 F
224 F
225 F
226 T
227 F
228 F
229 F
230 F
231 F
232 F
233 F
234 F
235 F
0
1 Jump(1,2,4,1)
2 Jump(1,2,4,2)
3 Jump(1,2,4,3)
4 Jump(1,2,4,4)
5 Jump(1,2,4,5)
6 Jump(1,2,4,6)
7 Jump(1,2,4,7)
8 Jump(1,2,4,8)
9 Jump(4,2,1,1)
10 Jump(4,2,1,2)
11 Jump(4,2,1,3)
12 Jump(4,2,1,4)
13 Jump(4,2,1,5)
14 Jump(4,2,1,6)
15 Jump(4,2,1,7)
16 Jump(4,2,1,8)
17 Jump(2,4,7,1)
18 Jump(2,4,7,2)
19 Jump(2,4,7,3)
20 Jump(2,4,7,4)
21 Jump(2,4,7,5)
22 Jump(2,4,7,6)
23 Jump(2,4,7,7)
24 Jump(2,4,7,8)
25 Jump(7,4,2,1)
26 Jump(7,4,2,2)
27 Jump(7,4,2,3)
28 Jump(7,4,2,4)
29 Jump(7,4,2,5)
30 Jump(7,4,2,6)
31 Jump(7,4,2,7)
32 Jump(7,4,2,8)
33 Jump(3,5,8,1)
34 Jump(3,5,8,2)
35 Jump(3,5,8,3)
36 Jump(3,5,8,4)
37 Jump(3,5,8,5)
38 Jump(3,5,8,6)
39 Jump(3,5,8,7)
40 Jump(3,5,8,8)
41 Jump(8,5,3,1)
42 Jump(8,5,3,2)
43 Jump(8,5,3,3)
44 Jump(8,5,3,4)
45 Jump(8,5,3,5)
46 Jump(8,5,3,6)
47 Jump(8,5,3,7)
48 Jump(8,5,3,8)
49 Jump(4,5,6,1)
50 Jump(4,5,6,2)
51 Jump(4,5,6,3)
52 Jump(4,5,6,4)
53 Jump(4,5,6,5)
54 Jump(4,5,6,6)
55 Jump(4,5,6,7)
56 Jump(4,5,6,8)
57 Jump(6,5,4,1)
58 Jump(6,5,4,2)
59 Jump(6,5,4,3)
60 Jump(6,5,4,4)
61 Jump(6,5,4,5)
62 Jump(6,5,4,6)
63 Jump(6,5,4,7)
64 Jump(6,5,4,8)
65 Jump(7,8,9,1)
66 Jump(7,8,9,2)
67 Jump(7,8,9,3)
68 Jump(7,8,9,4)
69 Jump(7,8,9,5)
70 Jump(7,8,9,6)
71 Jump(7,8,9,7)
72 Jump(7,8,9,8)
73 Jump(9,8,7,1)
74 Jump(9,8,7,2)
75 Jump(9,8,7,3)
76 Jump(9,8,7,4)
77 Jump(9,8,7,5)
78 Jump(9,8,7,6)
79 Jump(9,8,7,7)
80 Jump(9,8,7,8)
81 Jump(8,9,10,1)
82 Jump(8,9,10,2)
83 Jump(8,9,10,3)
84 Jump(8,9,10,4)
85 Jump(8,9,10,5)
86 Jump(8,9,10,6)
87 Jump(8,9,10,7)
88 Jump(8,9,10,8)
89 Jump(10,9,8,1)
90 Jump(10,9,8,2)
91 Jump(10,9,8,3)
92 Jump(10,9,8,4)
93 Jump(10,9,8,5)
94 Jump(10,9,8,6)
95 Jump(10,9,8,7)
96 Jump(10,9,8,8)
97 Jump(1,3,6,1)
98 Jump(1,3,6,2)
99 Jump(1,3,6,3)
100 Jump(1,3,6,4)
101 Jump(1,3,6,5)
102 Jump(1,3,6,6)
103 Jump(1,3,6,7)
104 Jump(1,3,6,8)
105 Jump(6,3,1,1)
106 Jump(6,3,1,2)
107 Jump(6,3,1,3)
108 Jump(6,3,1,4)
109 Jump(6,3,1,5)
110 Jump(6,3,1,6)
111 Jump(6,3,1,7)
112 Jump(6,3,1,8)
113 Jump(3,6,10,1)
114 Jump(3,6,10,2)
115 Jump(3,6,10,3)
116 Jump(3,6,10,4)
117 Jump(3,6,10,5)
118 Jump(3,6,10,6)
119 Jump(3,6,10,7)
120 Jump(3,6,10,8)
121 Jump(10,6,3,1)
122 Jump(10,6,3,2)
123 Jump(10,6,3,3)
124 Jump(10,6,3,4)
125 Jump(10,6,3,5)
126 Jump(10,6,3,6)
127 Jump(10,6,3,7)
128 Jump(10,6,3,8)
129 Jump(2,5,9,1)
130 Jump(2,5,9,2)
131 Jump(2,5,9,3)
132 Jump(2,5,9,4)
133 Jump(2,5,9,5)
134 Jump(2,5,9,6)
135 Jump(2,5,9,7)
136 Jump(2,5,9,8)
137 Jump(9,5,2,1)
138 Jump(9,5,2,2)
139 Jump(9,5,2,3)
140 Jump(9,5,2,4)
141 Jump(9,5,2,5)
142 Jump(9,5,2,6)
143 Jump(9,5,2,7)
144 Jump(9,5,2,8)
145 Peg(1,1)
146 Peg(1,2)
147 Peg(1,3)
148 Peg(1,4)
149 Peg(1,5)
150 Peg(1,6)
151 Peg(1,7)
152 Peg(1,8)
153 Peg(1,9)
154 Peg(2,1)
155 Peg(2,2)
156 Peg(2,3)
157 Peg(2,4)
158 Peg(2,5)
159 Peg(2,6)
160 Peg(2,7)
161 Peg(2,8)
162 Peg(2,9)
163 Peg(3,1)
164 Peg(3,2)
165 Peg(3,3)
166 Peg(3,4)
167 Peg(3,5)
168 Peg(3,6)
169 Peg(3,7)
170 Peg(3,8)
171 Peg(3,9)
172 Peg(4,1)
173 Peg(4,2)
174 Peg(4,3)
175 Peg(4,4)
176 Peg(4,5)
177 Peg(4,6)
178 Peg(4,7)
179 Peg(4,8)
180 Peg(4,9)
181 Peg(5,1)
182 Peg(5,2)
183 Peg(5,3)
184 Peg(5,4)
185 Peg(5,5)
186 Peg(5,6)
187 Peg(5,7)
188 Peg(5,8)
189 Peg(5,9)
190 Peg(6,1)
191 Peg(6,2)
192 Peg(6,3)
193 Peg(6,4)
194 Peg(6,5)
195 Peg(6,6)
196 Peg(6,7)
197 Peg(6,8)
198 Peg(6,9)
199 Peg(7,1)
200 Peg(7,2)
201 Peg(7,3)
202 Peg(7,4)
203 Peg(7,5)
204 Peg(7,6)
205 Peg(7,7)
206 Peg(7,8)
207 Peg(7,9)
208 Peg(8,1)
209 Peg(8,2)
210 Peg(8,3)
211 Peg(8,4)
212 Peg(8,5)
213 Peg(8,6)
214 Peg(8,7)
215 Peg(8,8)
216 Peg(8,9)
217 Peg(9,1)
218 Peg(9,2)
219 Peg(9,3)
220 Peg(9,4)
221 Peg(9,5)
222 Peg(9,6)
223 Peg(9,7)
224 Peg(9,8)
225 Peg(9,9)
226 Peg(10,1)
227 Peg(10,2)
228 Peg(10,3)
229 Peg(10,4)
230 Peg(10,5)
231 Peg(10,6)
232 Peg(10,7)
233 Peg(10,8)
234 Peg(10,9)
